{
 "cells": [
  {
   "cell_type": "markdown",
   "metadata": {},
   "source": [
    "## How to evaluate the quality of embeddings for a given model"
   ]
  },
  {
   "cell_type": "markdown",
   "metadata": {},
   "source": [
    "Overview:\n",
    "1. Choose and prepare the model\n",
    "2. Load the build log selected\n",
    "3. Generate the embeddings\n",
    "4. Evaluate the embedding qualitatively"
   ]
  },
  {
   "cell_type": "code",
   "execution_count": 1,
   "metadata": {},
   "outputs": [],
   "source": [
    "import sys\n",
    "sys.path.append(\"../..\")\n",
    "import linetracker.embeddings.llm as llm_embedding\n",
    "import linetracker.embeddings.distances as d\n",
    "import linetracker.pretty_print as pp\n",
    "import linetracker.utils as u\n",
    "from importlib import reload\n",
    "reload(pp)\n",
    "reload(d)\n",
    "reload(u)\n",
    "import re\n",
    "import sklearn.preprocessing as prep\n",
    "import numpy as np\n",
    "import pandas as pd\n",
    "import itertools as it\n",
    "import random"
   ]
  },
  {
   "cell_type": "markdown",
   "metadata": {},
   "source": [
    "## 1. Choose and prepare the model"
   ]
  },
  {
   "cell_type": "markdown",
   "metadata": {},
   "source": [
    "(To load a pretrained model load the folder generated after training where there is a config.json file)"
   ]
  },
  {
   "cell_type": "code",
   "execution_count": 2,
   "metadata": {},
   "outputs": [
    {
     "name": "stdout",
     "output_type": "stream",
     "text": [
      "BAAI/bge-large-en-v1.5\n",
      "Token will not been saved to git credential helper. Pass `add_to_git_credential=True` if you want to set the git credential as well.\n"
     ]
    },
    {
     "name": "stdout",
     "output_type": "stream",
     "text": [
      "Token is valid (permission: write).\n",
      "Your token has been saved to /home/robin/.cache/huggingface/token\n",
      "Login successful\n",
      "Token will not been saved to git credential helper. Pass `add_to_git_credential=True` if you want to set the git credential as well.\n",
      "Token is valid (permission: write).\n",
      "Your token has been saved to /home/robin/.cache/huggingface/token\n",
      "Login successful\n"
     ]
    },
    {
     "name": "stderr",
     "output_type": "stream",
     "text": [
      "If you want to use `BertLMHeadModel` as a standalone, add `is_decoder=True.`\n",
      "Some weights of BertLMHeadModel were not initialized from the model checkpoint at BAAI/bge-large-en-v1.5 and are newly initialized: ['cls.predictions.bias', 'cls.predictions.decoder.bias', 'cls.predictions.transform.LayerNorm.bias', 'cls.predictions.transform.LayerNorm.weight', 'cls.predictions.transform.dense.bias', 'cls.predictions.transform.dense.weight']\n",
      "You should probably TRAIN this model on a down-stream task to be able to use it for predictions and inference.\n"
     ]
    }
   ],
   "source": [
    "models_names = [\"meta-llama/Llama-2-7b-chat-hf\",\"WhereIsAI/UAE-Large-V1\", \"BAAI/bge-large-en-v1.5\"]\n",
    "model_name = models_names[2]\n",
    "print(model_name)\n",
    "init_embedder = llm_embedding.generate_embeddings_llm(model_name=model_name,token=\"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\", use_cpu=True, local_files_only=True)"
   ]
  },
  {
   "cell_type": "code",
   "execution_count": 3,
   "metadata": {},
   "outputs": [],
   "source": [
    "pooling_fn = lambda x:x\n",
    "embedder = lambda logs: init_embedder(logs, pooling_fn,limit_tokens=100,precision=np.float32)# type: ignore"
   ]
  },
  {
   "cell_type": "markdown",
   "metadata": {},
   "source": [
    "## 2. Load the build log selected"
   ]
  },
  {
   "cell_type": "code",
   "execution_count": 4,
   "metadata": {},
   "outputs": [],
   "source": [
    "df = pd.read_json(\"../../data/stats_dataset.json\")"
   ]
  },
  {
   "cell_type": "markdown",
   "metadata": {},
   "source": [
    "Sample a random build log"
   ]
  },
  {
   "cell_type": "code",
   "execution_count": 5,
   "metadata": {},
   "outputs": [
    {
     "data": {
      "text/html": [
       "<div>\n",
       "<style scoped>\n",
       "    .dataframe tbody tr th:only-of-type {\n",
       "        vertical-align: middle;\n",
       "    }\n",
       "\n",
       "    .dataframe tbody tr th {\n",
       "        vertical-align: top;\n",
       "    }\n",
       "\n",
       "    .dataframe thead th {\n",
       "        text-align: right;\n",
       "    }\n",
       "</style>\n",
       "<table border=\"1\" class=\"dataframe\">\n",
       "  <thead>\n",
       "    <tr style=\"text-align: right;\">\n",
       "      <th></th>\n",
       "      <th>text</th>\n",
       "      <th>group_id</th>\n",
       "    </tr>\n",
       "  </thead>\n",
       "  <tbody>\n",
       "    <tr>\n",
       "      <th>11440</th>\n",
       "      <td>cp: cannot stat '/localdisk/6500_repo/ome/vobs/viking_build/build/ome/txqoriq/sim/hybrid_100G_trib_R1200/*load': No such file or directory</td>\n",
       "      <td>1</td>\n",
       "    </tr>\n",
       "    <tr>\n",
       "      <th>42688</th>\n",
       "      <td>/localdisk/6500_repo/ome/vobs/optnet_os/vxworks/vxworks-6.9/target/h/tool/common/private/toolMacrosP.h:54: #error unsupported toolchain</td>\n",
       "      <td>3</td>\n",
       "    </tr>\n",
       "    <tr>\n",
       "      <th>57150</th>\n",
       "      <td>cp: cannot stat '/localdisk/6500_repo/ome/vobs/viking_build/build/ome/txqoriq/sim/hybrid_100G_trib_R1200/*tar': No such file or directory</td>\n",
       "      <td>1</td>\n",
       "    </tr>\n",
       "    <tr>\n",
       "      <th>75141</th>\n",
       "      <td>tput: No value for $TERM and no -T specified</td>\n",
       "      <td>4</td>\n",
       "    </tr>\n",
       "    <tr>\n",
       "      <th>167475</th>\n",
       "      <td>tput: No value for $TERM and no -T specified</td>\n",
       "      <td>4</td>\n",
       "    </tr>\n",
       "    <tr>\n",
       "      <th>170054</th>\n",
       "      <td>sed: can't read *.h.temp: No such file or directory</td>\n",
       "      <td>2</td>\n",
       "    </tr>\n",
       "    <tr>\n",
       "      <th>198626</th>\n",
       "      <td>cp: cannot stat '/localdisk/6500_repo/ome/vobs/viking_build/build/ome/txqoriq/sim/hybrid_100G_trib_R1200/*boot*po': No such file or directory</td>\n",
       "      <td>1</td>\n",
       "    </tr>\n",
       "    <tr>\n",
       "      <th>214987</th>\n",
       "      <td>cp: cannot stat '/localdisk/6500_repo/ome/vobs/viking_build/build/ome/txqoriq/sim/hybrid_100G_trib_R1200/*raw': No such file or directory</td>\n",
       "      <td>1</td>\n",
       "    </tr>\n",
       "    <tr>\n",
       "      <th>269450</th>\n",
       "      <td>cp: cannot stat '/localdisk/6500_repo/ome/vobs/viking_build/build/ome/txqoriq/sim/hybrid_100G_trib_R1200/*elf': No such file or directory</td>\n",
       "      <td>1</td>\n",
       "    </tr>\n",
       "    <tr>\n",
       "      <th>269537</th>\n",
       "      <td>mv: cannot stat '*.h': No such file or directory</td>\n",
       "      <td>2</td>\n",
       "    </tr>\n",
       "    <tr>\n",
       "      <th>275549</th>\n",
       "      <td>/localdisk/6500_repo/ome/vobs/optnet_core/include/stlport/stl/config/_gcc.h:11: #error GNU compilers before 2.95 are not supported anymore.</td>\n",
       "      <td>3</td>\n",
       "    </tr>\n",
       "    <tr>\n",
       "      <th>298282</th>\n",
       "      <td>tput: No value for $TERM and no -T specified</td>\n",
       "      <td>4</td>\n",
       "    </tr>\n",
       "    <tr>\n",
       "      <th>322926</th>\n",
       "      <td>cp: cannot stat '/localdisk/6500_repo/ome/vobs/viking_build/build/ome/txqoriq/sim/hybrid_100G_trib_R1200/*bld*po': No such file or directory</td>\n",
       "      <td>1</td>\n",
       "    </tr>\n",
       "    <tr>\n",
       "      <th>337100</th>\n",
       "      <td>cp: cannot stat '/localdisk/6500_repo/ome/vobs/viking_build/build/ome/txqoriq/sim/hybrid_100G_trib_R1200/*SWD': No such file or directory</td>\n",
       "      <td>1</td>\n",
       "    </tr>\n",
       "    <tr>\n",
       "      <th>346468</th>\n",
       "      <td>cp: cannot stat '/localdisk/6500_repo/ome/vobs/viking_build/build/ome/txqoriq/sim/hybrid_100G_trib_R1200/*/*raw': No such file or directory</td>\n",
       "      <td>1</td>\n",
       "    </tr>\n",
       "    <tr>\n",
       "      <th>391690</th>\n",
       "      <td>tput: No value for $TERM and no -T specified</td>\n",
       "      <td>4</td>\n",
       "    </tr>\n",
       "    <tr>\n",
       "      <th>399946</th>\n",
       "      <td>cp: cannot stat '/localdisk/6500_repo/ome/vobs/viking_build/build/ome/txqoriq/sim/hybrid_100G_trib_R1200/*bin': No such file or directory</td>\n",
       "      <td>1</td>\n",
       "    </tr>\n",
       "    <tr>\n",
       "      <th>430602</th>\n",
       "      <td>tput: No value for $TERM and no -T specified</td>\n",
       "      <td>4</td>\n",
       "    </tr>\n",
       "    <tr>\n",
       "      <th>451582</th>\n",
       "      <td>cp: cannot stat '/localdisk/6500_repo/ome/vobs/viking_build/build/ome/txqoriq/sim/hybrid_100G_trib_R1200/*BASE*po': No such file or directory</td>\n",
       "      <td>1</td>\n",
       "    </tr>\n",
       "    <tr>\n",
       "      <th>535791</th>\n",
       "      <td>/usr/bin/objdump: 'ome_hybrid_100G_R1200_appl.elf': No such file</td>\n",
       "      <td>0</td>\n",
       "    </tr>\n",
       "    <tr>\n",
       "      <th>605372</th>\n",
       "      <td>tput: No value for $TERM and no -T specified</td>\n",
       "      <td>4</td>\n",
       "    </tr>\n",
       "  </tbody>\n",
       "</table>\n",
       "</div>"
      ],
      "text/plain": [
       "                                                                                                                                                 text  \\\n",
       "11440      cp: cannot stat '/localdisk/6500_repo/ome/vobs/viking_build/build/ome/txqoriq/sim/hybrid_100G_trib_R1200/*load': No such file or directory   \n",
       "42688         /localdisk/6500_repo/ome/vobs/optnet_os/vxworks/vxworks-6.9/target/h/tool/common/private/toolMacrosP.h:54: #error unsupported toolchain   \n",
       "57150       cp: cannot stat '/localdisk/6500_repo/ome/vobs/viking_build/build/ome/txqoriq/sim/hybrid_100G_trib_R1200/*tar': No such file or directory   \n",
       "75141                                                                                                    tput: No value for $TERM and no -T specified   \n",
       "167475                                                                                                   tput: No value for $TERM and no -T specified   \n",
       "170054                                                                                            sed: can't read *.h.temp: No such file or directory   \n",
       "198626  cp: cannot stat '/localdisk/6500_repo/ome/vobs/viking_build/build/ome/txqoriq/sim/hybrid_100G_trib_R1200/*boot*po': No such file or directory   \n",
       "214987      cp: cannot stat '/localdisk/6500_repo/ome/vobs/viking_build/build/ome/txqoriq/sim/hybrid_100G_trib_R1200/*raw': No such file or directory   \n",
       "269450      cp: cannot stat '/localdisk/6500_repo/ome/vobs/viking_build/build/ome/txqoriq/sim/hybrid_100G_trib_R1200/*elf': No such file or directory   \n",
       "269537                                                                                               mv: cannot stat '*.h': No such file or directory   \n",
       "275549    /localdisk/6500_repo/ome/vobs/optnet_core/include/stlport/stl/config/_gcc.h:11: #error GNU compilers before 2.95 are not supported anymore.   \n",
       "298282                                                                                                   tput: No value for $TERM and no -T specified   \n",
       "322926   cp: cannot stat '/localdisk/6500_repo/ome/vobs/viking_build/build/ome/txqoriq/sim/hybrid_100G_trib_R1200/*bld*po': No such file or directory   \n",
       "337100      cp: cannot stat '/localdisk/6500_repo/ome/vobs/viking_build/build/ome/txqoriq/sim/hybrid_100G_trib_R1200/*SWD': No such file or directory   \n",
       "346468    cp: cannot stat '/localdisk/6500_repo/ome/vobs/viking_build/build/ome/txqoriq/sim/hybrid_100G_trib_R1200/*/*raw': No such file or directory   \n",
       "391690                                                                                                   tput: No value for $TERM and no -T specified   \n",
       "399946      cp: cannot stat '/localdisk/6500_repo/ome/vobs/viking_build/build/ome/txqoriq/sim/hybrid_100G_trib_R1200/*bin': No such file or directory   \n",
       "430602                                                                                                   tput: No value for $TERM and no -T specified   \n",
       "451582  cp: cannot stat '/localdisk/6500_repo/ome/vobs/viking_build/build/ome/txqoriq/sim/hybrid_100G_trib_R1200/*BASE*po': No such file or directory   \n",
       "535791                                                                               /usr/bin/objdump: 'ome_hybrid_100G_R1200_appl.elf': No such file   \n",
       "605372                                                                                                   tput: No value for $TERM and no -T specified   \n",
       "\n",
       "       group_id  \n",
       "11440         1  \n",
       "42688         3  \n",
       "57150         1  \n",
       "75141         4  \n",
       "167475        4  \n",
       "170054        2  \n",
       "198626        1  \n",
       "214987        1  \n",
       "269450        1  \n",
       "269537        2  \n",
       "275549        3  \n",
       "298282        4  \n",
       "322926        1  \n",
       "337100        1  \n",
       "346468        1  \n",
       "391690        4  \n",
       "399946        1  \n",
       "430602        4  \n",
       "451582        1  \n",
       "535791        0  \n",
       "605372        4  "
      ]
     },
     "execution_count": 5,
     "metadata": {},
     "output_type": "execute_result"
    }
   ],
   "source": [
    "random.seed(1)\n",
    "build_log = random.choice(df['build_log'].unique())\n",
    "build_log_df = df.query(f\"build_log == '{build_log}'\")[['text','group_id']]\n",
    "build_log_df.loc[:, \"text\"] = build_log_df[\"text\"].apply(u.remove_date_time).apply(lambda x:x.strip())\n",
    "encoder = prep.LabelEncoder()\n",
    "build_log_df.loc[:, \"group_id\"] = prep.LabelEncoder().fit_transform(build_log_df[\"group_id\"])\n",
    "pd.set_option('display.max_colwidth', None)\n",
    "build_log_df"
   ]
  },
  {
   "cell_type": "markdown",
   "metadata": {},
   "source": [
    "## 3. Generate the embeddings"
   ]
  },
  {
   "cell_type": "code",
   "execution_count": 6,
   "metadata": {},
   "outputs": [
    {
     "name": "stdout",
     "output_type": "stream",
     "text": [
      "CPU times: user 6min 3s, sys: 0 ns, total: 6min 3s\n",
      "Wall time: 56.5 s\n"
     ]
    }
   ],
   "source": [
    "%%time\n",
    "embeddings = [embedding for embedding in embedder(build_log_df['text'])]"
   ]
  },
  {
   "cell_type": "code",
   "execution_count": 12,
   "metadata": {},
   "outputs": [
    {
     "name": "stdout",
     "output_type": "stream",
     "text": [
      "[[0.00000000e+00 1.99072033e-01 1.51048005e-02 2.23111808e-01 2.23111808e-01 1.63023382e-01 1.69473290e-02 1.73785985e-02 1.78820789e-02 1.16445065e-01 1.47961348e-01 2.23111808e-01 1.44622624e-02 1.44613087e-02 2.10027993e-02 2.23111808e-01 1.26137137e-02 2.23111808e-01 1.35820508e-02 1.03432000e-01 2.23111808e-01]\n",
      " [1.99072033e-01 0.00000000e+00 2.00393796e-01 2.99144566e-01 2.99144566e-01 3.01710904e-01 2.01731443e-01 1.93873316e-01 1.87370837e-01 2.55364448e-01 1.51185215e-01 2.99144566e-01 1.91107005e-01 1.92977220e-01 1.97891057e-01 2.99144566e-01 1.86625987e-01 2.99144566e-01 1.89566225e-01 2.31598943e-01 2.99144566e-01]\n",
      " [1.51048005e-02 2.00393796e-01 0.00000000e+00 2.25687832e-01 2.25687832e-01 1.62751585e-01 1.69256926e-02 1.45833194e-02 1.34807229e-02 1.17883444e-01 1.51372343e-01 2.25687832e-01 1.41175687e-02 1.58300996e-02 1.81334615e-02 2.25687832e-01 1.06563568e-02 2.25687832e-01 1.34331584e-02 1.05134875e-01 2.25687832e-01]\n",
      " [2.23111808e-01 2.99144566e-01 2.25687832e-01 8.94069672e-08 8.94069672e-08 1.55058682e-01 2.39602745e-01 2.34895676e-01 2.39138335e-01 1.82166159e-01 2.49578118e-01 8.94069672e-08 2.38612294e-01 2.34526038e-01 2.35468507e-01 8.94069672e-08 2.44577616e-01 8.94069672e-08 2.37423003e-01 2.21169740e-01 8.94069672e-08]\n",
      " [2.23111808e-01 2.99144566e-01 2.25687832e-01 8.94069672e-08 8.94069672e-08 1.55058682e-01 2.39602745e-01 2.34895676e-01 2.39138335e-01 1.82166159e-01 2.49578118e-01 8.94069672e-08 2.38612294e-01 2.34526038e-01 2.35468507e-01 8.94069672e-08 2.44577616e-01 8.94069672e-08 2.37423003e-01 2.21169740e-01 8.94069672e-08]\n",
      " [1.63023382e-01 3.01710904e-01 1.62751585e-01 1.55058682e-01 1.55058682e-01 0.00000000e+00 1.82019114e-01 1.80963218e-01 1.82002902e-01 1.17736250e-01 2.30616242e-01 1.55058682e-01 1.83487892e-01 1.64967209e-01 1.80018306e-01 1.55058682e-01 1.84289247e-01 1.55058682e-01 1.85742974e-01 1.64549649e-01 1.55058682e-01]\n",
      " [1.69473290e-02 2.01731443e-01 1.69256926e-02 2.39602745e-01 2.39602745e-01 1.82019114e-01 0.00000000e+00 1.65946484e-02 1.79050863e-02 1.30900979e-01 1.57109201e-01 2.39602745e-01 1.14396811e-02 1.62728131e-02 2.02785730e-02 2.39602745e-01 1.22862756e-02 2.39602745e-01 1.07308924e-02 1.24809861e-01 2.39602745e-01]\n",
      " [1.73785985e-02 1.93873316e-01 1.45833194e-02 2.34895676e-01 2.34895676e-01 1.80963218e-01 1.65946484e-02 0.00000000e+00 1.15153491e-02 1.31442487e-01 1.59956396e-01 2.34895676e-01 8.04245472e-03 1.31783187e-02 8.26925039e-04 2.34895676e-01 7.06630945e-03 2.34895676e-01 7.97331333e-03 1.27391458e-01 2.34895676e-01]\n",
      " [1.78820789e-02 1.87370837e-01 1.34807229e-02 2.39138335e-01 2.39138335e-01 1.82002902e-01 1.79050863e-02 1.15153491e-02 0.00000000e+00 1.30344093e-01 1.46575302e-01 2.39138335e-01 8.24028254e-03 1.27744377e-02 1.57895386e-02 2.39138335e-01 6.62410259e-03 2.39138335e-01 8.87992978e-03 1.10215724e-01 2.39138335e-01]\n",
      " [1.16445065e-01 2.55364448e-01 1.17883444e-01 1.82166159e-01 1.82166159e-01 1.17736250e-01 1.30900979e-01 1.31442487e-01 1.30344093e-01 0.00000000e+00 2.13188946e-01 1.82166159e-01 1.30916774e-01 1.18923396e-01 1.31143689e-01 1.82166159e-01 1.32778257e-01 1.82166159e-01 1.31370366e-01 1.47595942e-01 1.82166159e-01]\n",
      " [1.47961348e-01 1.51185215e-01 1.51372343e-01 2.49578118e-01 2.49578118e-01 2.30616242e-01 1.57109201e-01 1.59956396e-01 1.46575302e-01 2.13188946e-01 2.98023224e-07 2.49578118e-01 1.52396560e-01 1.51095331e-01 1.66741282e-01 2.49578118e-01 1.46646559e-01 2.49578118e-01 1.49983853e-01 1.59760356e-01 2.49578118e-01]\n",
      " [2.23111808e-01 2.99144566e-01 2.25687832e-01 8.94069672e-08 8.94069672e-08 1.55058682e-01 2.39602745e-01 2.34895676e-01 2.39138335e-01 1.82166159e-01 2.49578118e-01 8.94069672e-08 2.38612294e-01 2.34526038e-01 2.35468507e-01 8.94069672e-08 2.44577616e-01 8.94069672e-08 2.37423003e-01 2.21169740e-01 8.94069672e-08]\n",
      " [1.44622624e-02 1.91107005e-01 1.41175687e-02 2.38612294e-01 2.38612294e-01 1.83487892e-01 1.14396811e-02 8.04245472e-03 8.24028254e-03 1.30916774e-01 1.52396560e-01 2.38612294e-01 0.00000000e+00 8.31222534e-03 1.14216208e-02 2.38612294e-01 3.80137563e-03 2.38612294e-01 2.77578831e-03 1.28113598e-01 2.38612294e-01]\n",
      " [1.44613087e-02 1.92977220e-01 1.58300996e-02 2.34526038e-01 2.34526038e-01 1.64967209e-01 1.62728131e-02 1.31783187e-02 1.27744377e-02 1.18923396e-01 1.51095331e-01 2.34526038e-01 8.31222534e-03 3.57627869e-07 1.64737701e-02 2.34526038e-01 8.49974155e-03 2.34526038e-01 9.15655494e-03 1.19423002e-01 2.34526038e-01]\n",
      " [2.10027993e-02 1.97891057e-01 1.81334615e-02 2.35468507e-01 2.35468507e-01 1.80018306e-01 2.02785730e-02 8.26925039e-04 1.57895386e-02 1.31143689e-01 1.66741282e-01 2.35468507e-01 1.14216208e-02 1.64737701e-02 5.66244125e-07 2.35468507e-01 1.10030770e-02 2.35468507e-01 1.14184320e-02 1.30703390e-01 2.35468507e-01]\n",
      " [2.23111808e-01 2.99144566e-01 2.25687832e-01 8.94069672e-08 8.94069672e-08 1.55058682e-01 2.39602745e-01 2.34895676e-01 2.39138335e-01 1.82166159e-01 2.49578118e-01 8.94069672e-08 2.38612294e-01 2.34526038e-01 2.35468507e-01 8.94069672e-08 2.44577616e-01 8.94069672e-08 2.37423003e-01 2.21169740e-01 8.94069672e-08]\n",
      " [1.26137137e-02 1.86625987e-01 1.06563568e-02 2.44577616e-01 2.44577616e-01 1.84289247e-01 1.22862756e-02 7.06630945e-03 6.62410259e-03 1.32778257e-01 1.46646559e-01 2.44577616e-01 3.80137563e-03 8.49974155e-03 1.10030770e-02 2.44577616e-01 0.00000000e+00 2.44577616e-01 3.46791744e-03 1.22040898e-01 2.44577616e-01]\n",
      " [2.23111808e-01 2.99144566e-01 2.25687832e-01 8.94069672e-08 8.94069672e-08 1.55058682e-01 2.39602745e-01 2.34895676e-01 2.39138335e-01 1.82166159e-01 2.49578118e-01 8.94069672e-08 2.38612294e-01 2.34526038e-01 2.35468507e-01 8.94069672e-08 2.44577616e-01 8.94069672e-08 2.37423003e-01 2.21169740e-01 8.94069672e-08]\n",
      " [1.35820508e-02 1.89566225e-01 1.34331584e-02 2.37423003e-01 2.37423003e-01 1.85742974e-01 1.07308924e-02 7.97331333e-03 8.87992978e-03 1.31370366e-01 1.49983853e-01 2.37423003e-01 2.77578831e-03 9.15655494e-03 1.14184320e-02 2.37423003e-01 3.46791744e-03 2.37423003e-01 5.96046448e-08 1.26956910e-01 2.37423003e-01]\n",
      " [1.03432000e-01 2.31598943e-01 1.05134875e-01 2.21169740e-01 2.21169740e-01 1.64549649e-01 1.24809861e-01 1.27391458e-01 1.10215724e-01 1.47595942e-01 1.59760356e-01 2.21169740e-01 1.28113598e-01 1.19423002e-01 1.30703390e-01 2.21169740e-01 1.22040898e-01 2.21169740e-01 1.26956910e-01 0.00000000e+00 2.21169740e-01]\n",
      " [2.23111808e-01 2.99144566e-01 2.25687832e-01 8.94069672e-08 8.94069672e-08 1.55058682e-01 2.39602745e-01 2.34895676e-01 2.39138335e-01 1.82166159e-01 2.49578118e-01 8.94069672e-08 2.38612294e-01 2.34526038e-01 2.35468507e-01 8.94069672e-08 2.44577616e-01 8.94069672e-08 2.37423003e-01 2.21169740e-01 8.94069672e-08]]\n",
      "CPU times: user 629 ms, sys: 816 ms, total: 1.45 s\n",
      "Wall time: 162 ms\n"
     ]
    },
    {
     "data": {
      "text/plain": [
       "(0.0, 0.3017109)"
      ]
     },
     "execution_count": 12,
     "metadata": {},
     "output_type": "execute_result"
    }
   ],
   "source": [
    "%%time\n",
    "distance_matrix = d.normalized_cosine_distance([np.mean(e,axis=0) for e in embeddings])\n",
    "np.set_printoptions(linewidth=np.inf)\n",
    "print(distance_matrix)\n",
    "np.min(distance_matrix), np.max(distance_matrix)"
   ]
  },
  {
   "cell_type": "code",
   "execution_count": 15,
   "metadata": {},
   "outputs": [],
   "source": [
    "# flatten the matrix an rank pairs of lines that are the most similar\n",
    "texts = build_log_df['text'].tolist()\n",
    "groups = build_log_df['group_id'].tolist()\n",
    "sorted_distances = [\n",
    "    (texts[i],texts[j],distance_matrix[i,j],groups[i],groups[j]) for i,j in it.combinations(range(len(embeddings)),2)\n",
    "]\n",
    "sorted_distances.sort(key=lambda x:x[-3],reverse=False)"
   ]
  },
  {
   "cell_type": "code",
   "execution_count": 16,
   "metadata": {},
   "outputs": [
    {
     "name": "stdout",
     "output_type": "stream",
     "text": [
      "21 lines\n",
      "1- cp: cannot stat '/localdisk/6500_repo/ome/vobs/viking_build/build/ome/txqoriq/sim/hybrid_100G_trib_R1200/*load': No such file or directory\n",
      "3- /localdisk/6500_repo/ome/vobs/optnet_os/vxworks/vxworks-6.9/target/h/tool/common/private/toolMacrosP.h:54: #error unsupported toolchain\n",
      "1- cp: cannot stat '/localdisk/6500_repo/ome/vobs/viking_build/build/ome/txqoriq/sim/hybrid_100G_trib_R1200/*tar': No such file or directory\n",
      "4- tput: No value for $TERM and no -T specified\n",
      "4- tput: No value for $TERM and no -T specified\n",
      "2- sed: can't read *.h.temp: No such file or directory\n",
      "1- cp: cannot stat '/localdisk/6500_repo/ome/vobs/viking_build/build/ome/txqoriq/sim/hybrid_100G_trib_R1200/*boot*po': No such file or directory\n",
      "1- cp: cannot stat '/localdisk/6500_repo/ome/vobs/viking_build/build/ome/txqoriq/sim/hybrid_100G_trib_R1200/*raw': No such file or directory\n",
      "1- cp: cannot stat '/localdisk/6500_repo/ome/vobs/viking_build/build/ome/txqoriq/sim/hybrid_100G_trib_R1200/*elf': No such file or directory\n",
      "2- mv: cannot stat '*.h': No such file or directory\n",
      "3- /localdisk/6500_repo/ome/vobs/optnet_core/include/stlport/stl/config/_gcc.h:11: #error GNU compilers before 2.95 are not supported anymore.\n",
      "4- tput: No value for $TERM and no -T specified\n",
      "1- cp: cannot stat '/localdisk/6500_repo/ome/vobs/viking_build/build/ome/txqoriq/sim/hybrid_100G_trib_R1200/*bld*po': No such file or directory\n",
      "1- cp: cannot stat '/localdisk/6500_repo/ome/vobs/viking_build/build/ome/txqoriq/sim/hybrid_100G_trib_R1200/*SWD': No such file or directory\n",
      "1- cp: cannot stat '/localdisk/6500_repo/ome/vobs/viking_build/build/ome/txqoriq/sim/hybrid_100G_trib_R1200/*/*raw': No such file or directory\n",
      "4- tput: No value for $TERM and no -T specified\n",
      "1- cp: cannot stat '/localdisk/6500_repo/ome/vobs/viking_build/build/ome/txqoriq/sim/hybrid_100G_trib_R1200/*bin': No such file or directory\n",
      "4- tput: No value for $TERM and no -T specified\n",
      "1- cp: cannot stat '/localdisk/6500_repo/ome/vobs/viking_build/build/ome/txqoriq/sim/hybrid_100G_trib_R1200/*BASE*po': No such file or directory\n",
      "0- /usr/bin/objdump: 'ome_hybrid_100G_R1200_appl.elf': No such file\n",
      "4- tput: No value for $TERM and no -T specified\n",
      "////////////////////////////////////////////////////////////////////////////////////////////////////\n",
      "****************************************************************************************************\n",
      "0.000 g1==g2=True\n",
      "tput: No value for $TERM and no -T specified\n",
      "tput: No value for $TERM and no -T specified\n",
      "----------------------------------------------------------------------------------------------------\n",
      "****************************************************************************************************\n",
      "0.000 g1==g2=True\n",
      "tput: No value for $TERM and no -T specified\n",
      "tput: No value for $TERM and no -T specified\n",
      "----------------------------------------------------------------------------------------------------\n",
      "****************************************************************************************************\n",
      "0.000 g1==g2=True\n",
      "tput: No value for $TERM and no -T specified\n",
      "tput: No value for $TERM and no -T specified\n",
      "----------------------------------------------------------------------------------------------------\n",
      "****************************************************************************************************\n",
      "0.000 g1==g2=True\n",
      "tput: No value for $TERM and no -T specified\n",
      "tput: No value for $TERM and no -T specified\n",
      "----------------------------------------------------------------------------------------------------\n",
      "****************************************************************************************************\n",
      "0.000 g1==g2=True\n",
      "tput: No value for $TERM and no -T specified\n",
      "tput: No value for $TERM and no -T specified\n",
      "----------------------------------------------------------------------------------------------------\n",
      "****************************************************************************************************\n",
      "0.000 g1==g2=True\n",
      "tput: No value for $TERM and no -T specified\n",
      "tput: No value for $TERM and no -T specified\n",
      "----------------------------------------------------------------------------------------------------\n",
      "****************************************************************************************************\n",
      "0.000 g1==g2=True\n",
      "tput: No value for $TERM and no -T specified\n",
      "tput: No value for $TERM and no -T specified\n",
      "----------------------------------------------------------------------------------------------------\n",
      "****************************************************************************************************\n",
      "0.000 g1==g2=True\n",
      "tput: No value for $TERM and no -T specified\n",
      "tput: No value for $TERM and no -T specified\n",
      "----------------------------------------------------------------------------------------------------\n",
      "****************************************************************************************************\n",
      "0.000 g1==g2=True\n",
      "tput: No value for $TERM and no -T specified\n",
      "tput: No value for $TERM and no -T specified\n",
      "----------------------------------------------------------------------------------------------------\n",
      "****************************************************************************************************\n",
      "0.000 g1==g2=True\n",
      "tput: No value for $TERM and no -T specified\n",
      "tput: No value for $TERM and no -T specified\n",
      "----------------------------------------------------------------------------------------------------\n",
      "****************************************************************************************************\n",
      "0.000 g1==g2=True\n",
      "tput: No value for $TERM and no -T specified\n",
      "tput: No value for $TERM and no -T specified\n",
      "----------------------------------------------------------------------------------------------------\n",
      "****************************************************************************************************\n",
      "0.000 g1==g2=True\n",
      "tput: No value for $TERM and no -T specified\n",
      "tput: No value for $TERM and no -T specified\n",
      "----------------------------------------------------------------------------------------------------\n",
      "****************************************************************************************************\n",
      "0.000 g1==g2=True\n",
      "tput: No value for $TERM and no -T specified\n",
      "tput: No value for $TERM and no -T specified\n",
      "----------------------------------------------------------------------------------------------------\n",
      "****************************************************************************************************\n",
      "0.000 g1==g2=True\n",
      "tput: No value for $TERM and no -T specified\n",
      "tput: No value for $TERM and no -T specified\n",
      "----------------------------------------------------------------------------------------------------\n",
      "****************************************************************************************************\n",
      "0.000 g1==g2=True\n",
      "tput: No value for $TERM and no -T specified\n",
      "tput: No value for $TERM and no -T specified\n",
      "----------------------------------------------------------------------------------------------------\n",
      "****************************************************************************************************\n",
      "0.001 g1==g2=True\n",
      "cp: cannot stat '/localdisk/6500_repo/ome/vobs/viking_build/build/ome/txqoriq/sim/hybrid_100G_trib_R1200/*raw': No such file or directory\n",
      "cp: cannot stat '/localdisk/6500_repo/ome/vobs/viking_build/build/ome/txqoriq/sim/hybrid_100G_trib_R1200/*/*raw': No such file or directory\n",
      "----------------------------------------------------------------------------------------------------\n",
      "****************************************************************************************************\n",
      "0.003 g1==g2=True\n",
      "cp: cannot stat '/localdisk/6500_repo/ome/vobs/viking_build/build/ome/txqoriq/sim/hybrid_100G_trib_R1200/*bld*po': No such file or directory\n",
      "cp: cannot stat '/localdisk/6500_repo/ome/vobs/viking_build/build/ome/txqoriq/sim/hybrid_100G_trib_R1200/*BASE*po': No such file or directory\n",
      "----------------------------------------------------------------------------------------------------\n",
      "****************************************************************************************************\n",
      "0.003 g1==g2=True\n",
      "cp: cannot stat '/localdisk/6500_repo/ome/vobs/viking_build/build/ome/txqoriq/sim/hybrid_100G_trib_R1200/*bin': No such file or directory\n",
      "cp: cannot stat '/localdisk/6500_repo/ome/vobs/viking_build/build/ome/txqoriq/sim/hybrid_100G_trib_R1200/*BASE*po': No such file or directory\n",
      "----------------------------------------------------------------------------------------------------\n",
      "****************************************************************************************************\n",
      "0.004 g1==g2=True\n",
      "cp: cannot stat '/localdisk/6500_repo/ome/vobs/viking_build/build/ome/txqoriq/sim/hybrid_100G_trib_R1200/*bld*po': No such file or directory\n",
      "cp: cannot stat '/localdisk/6500_repo/ome/vobs/viking_build/build/ome/txqoriq/sim/hybrid_100G_trib_R1200/*bin': No such file or directory\n",
      "----------------------------------------------------------------------------------------------------\n",
      "****************************************************************************************************\n",
      "0.007 g1==g2=True\n",
      "cp: cannot stat '/localdisk/6500_repo/ome/vobs/viking_build/build/ome/txqoriq/sim/hybrid_100G_trib_R1200/*elf': No such file or directory\n",
      "cp: cannot stat '/localdisk/6500_repo/ome/vobs/viking_build/build/ome/txqoriq/sim/hybrid_100G_trib_R1200/*bin': No such file or directory\n",
      "----------------------------------------------------------------------------------------------------\n",
      "****************************************************************************************************\n",
      "0.007 g1==g2=True\n",
      "cp: cannot stat '/localdisk/6500_repo/ome/vobs/viking_build/build/ome/txqoriq/sim/hybrid_100G_trib_R1200/*raw': No such file or directory\n",
      "cp: cannot stat '/localdisk/6500_repo/ome/vobs/viking_build/build/ome/txqoriq/sim/hybrid_100G_trib_R1200/*bin': No such file or directory\n",
      "----------------------------------------------------------------------------------------------------\n",
      "****************************************************************************************************\n",
      "0.008 g1==g2=True\n",
      "cp: cannot stat '/localdisk/6500_repo/ome/vobs/viking_build/build/ome/txqoriq/sim/hybrid_100G_trib_R1200/*raw': No such file or directory\n",
      "cp: cannot stat '/localdisk/6500_repo/ome/vobs/viking_build/build/ome/txqoriq/sim/hybrid_100G_trib_R1200/*BASE*po': No such file or directory\n",
      "----------------------------------------------------------------------------------------------------\n",
      "****************************************************************************************************\n",
      "0.008 g1==g2=True\n",
      "cp: cannot stat '/localdisk/6500_repo/ome/vobs/viking_build/build/ome/txqoriq/sim/hybrid_100G_trib_R1200/*raw': No such file or directory\n",
      "cp: cannot stat '/localdisk/6500_repo/ome/vobs/viking_build/build/ome/txqoriq/sim/hybrid_100G_trib_R1200/*bld*po': No such file or directory\n",
      "----------------------------------------------------------------------------------------------------\n",
      "****************************************************************************************************\n",
      "0.008 g1==g2=True\n",
      "cp: cannot stat '/localdisk/6500_repo/ome/vobs/viking_build/build/ome/txqoriq/sim/hybrid_100G_trib_R1200/*elf': No such file or directory\n",
      "cp: cannot stat '/localdisk/6500_repo/ome/vobs/viking_build/build/ome/txqoriq/sim/hybrid_100G_trib_R1200/*bld*po': No such file or directory\n",
      "----------------------------------------------------------------------------------------------------\n",
      "****************************************************************************************************\n",
      "0.008 g1==g2=True\n",
      "cp: cannot stat '/localdisk/6500_repo/ome/vobs/viking_build/build/ome/txqoriq/sim/hybrid_100G_trib_R1200/*bld*po': No such file or directory\n",
      "cp: cannot stat '/localdisk/6500_repo/ome/vobs/viking_build/build/ome/txqoriq/sim/hybrid_100G_trib_R1200/*SWD': No such file or directory\n",
      "----------------------------------------------------------------------------------------------------\n",
      "****************************************************************************************************\n",
      "0.008 g1==g2=True\n",
      "cp: cannot stat '/localdisk/6500_repo/ome/vobs/viking_build/build/ome/txqoriq/sim/hybrid_100G_trib_R1200/*SWD': No such file or directory\n",
      "cp: cannot stat '/localdisk/6500_repo/ome/vobs/viking_build/build/ome/txqoriq/sim/hybrid_100G_trib_R1200/*bin': No such file or directory\n",
      "----------------------------------------------------------------------------------------------------\n",
      "****************************************************************************************************\n",
      "0.009 g1==g2=True\n",
      "cp: cannot stat '/localdisk/6500_repo/ome/vobs/viking_build/build/ome/txqoriq/sim/hybrid_100G_trib_R1200/*elf': No such file or directory\n",
      "cp: cannot stat '/localdisk/6500_repo/ome/vobs/viking_build/build/ome/txqoriq/sim/hybrid_100G_trib_R1200/*BASE*po': No such file or directory\n",
      "----------------------------------------------------------------------------------------------------\n",
      "****************************************************************************************************\n",
      "0.009 g1==g2=True\n",
      "cp: cannot stat '/localdisk/6500_repo/ome/vobs/viking_build/build/ome/txqoriq/sim/hybrid_100G_trib_R1200/*SWD': No such file or directory\n",
      "cp: cannot stat '/localdisk/6500_repo/ome/vobs/viking_build/build/ome/txqoriq/sim/hybrid_100G_trib_R1200/*BASE*po': No such file or directory\n",
      "----------------------------------------------------------------------------------------------------\n",
      "****************************************************************************************************\n",
      "0.011 g1==g2=True\n",
      "cp: cannot stat '/localdisk/6500_repo/ome/vobs/viking_build/build/ome/txqoriq/sim/hybrid_100G_trib_R1200/*tar': No such file or directory\n",
      "cp: cannot stat '/localdisk/6500_repo/ome/vobs/viking_build/build/ome/txqoriq/sim/hybrid_100G_trib_R1200/*bin': No such file or directory\n",
      "----------------------------------------------------------------------------------------------------\n",
      "****************************************************************************************************\n",
      "0.011 g1==g2=True\n",
      "cp: cannot stat '/localdisk/6500_repo/ome/vobs/viking_build/build/ome/txqoriq/sim/hybrid_100G_trib_R1200/*boot*po': No such file or directory\n",
      "cp: cannot stat '/localdisk/6500_repo/ome/vobs/viking_build/build/ome/txqoriq/sim/hybrid_100G_trib_R1200/*BASE*po': No such file or directory\n",
      "----------------------------------------------------------------------------------------------------\n",
      "****************************************************************************************************\n",
      "0.011 g1==g2=True\n",
